0.000000000000000000e+00 1.783183947122879561e-04
4.999999999999999697e-12 3.919829522532761526e-04
9.999999999999999395e-12 2.520099527550574985e-04
1.499999999999999990e-11 3.470027236580505931e-04
1.999999999999999879e-11 2.617183977914806672e-04
2.499999999999999768e-11 2.850744361585104197e-04
2.999999999999999980e-11 4.840563952788184271e-04
3.499999999999999546e-11 4.786359287104195899e-04
3.999999999999999758e-11 7.411968509807853600e-04
4.499999999999999970e-11 9.040058205869414302e-04
4.999999999999999536e-11 1.135428575766772759e-03
5.499999999999999748e-11 1.088596708009637948e-03
5.999999999999999960e-11 8.294473656889989142e-04
6.499999999999999526e-11 7.610195899062638511e-04
6.999999999999999092e-11 3.720796520973710417e-04
7.499999999999999950e-11 3.371374608807913703e-04
7.999999999999999516e-11 8.476228485103273454e-04
8.499999999999999082e-11 1.187628283729141995e-03
8.999999999999999940e-11 1.453786758587739380e-03
9.499999999999999506e-11 1.626517762932110133e-03
9.999999999999999072e-11 1.662522333406375253e-03
1.049999999999999993e-10 1.282784531493790740e-03
1.099999999999999950e-10 1.117828139038359349e-03
1.149999999999999906e-10 1.138240644466476928e-03
1.199999999999999992e-10 4.007984863046519367e-04
1.249999999999999819e-10 3.892957840222911596e-04
1.299999999999999905e-10 1.024236743810600118e-03
1.349999999999999991e-10 1.480074279154059086e-03
1.399999999999999818e-10 1.542761898062170551e-03
1.449999999999999904e-10 1.537365039255672887e-03
1.499999999999999990e-10 1.323348285789120466e-03
1.549999999999999817e-10 1.050912235154984877e-03
1.599999999999999903e-10 7.964707481414780993e-04
1.649999999999999989e-10 6.210064812673664640e-04
1.699999999999999816e-10 5.135834646882703582e-04
1.749999999999999902e-10 1.440017398300586448e-04
1.799999999999999988e-10 3.268723911595408714e-04
1.849999999999999815e-10 9.691144162955710184e-04
1.899999999999999901e-10 1.019045911096361440e-03
1.949999999999999987e-10 1.002758463925522208e-03
1.999999999999999814e-10 8.762002410486284792e-04
2.049999999999999900e-10 5.008521493011795821e-04
2.099999999999999986e-10 6.152313179276805389e-04
2.149999999999999813e-10 8.294819507948675025e-04
2.199999999999999899e-10 6.052303476507002239e-04
2.249999999999999985e-10 3.521209075118659311e-04
2.299999999999999812e-10 3.115941990944408021e-04
2.349999999999999640e-10 6.029496049283167248e-04
2.399999999999999984e-10 6.703811747816162134e-04
2.449999999999999811e-10 7.772664512355739524e-04
2.499999999999999639e-10 7.988217617451369261e-04
2.549999999999999983e-10 7.605830146978689041e-04
2.599999999999999810e-10 7.247345679894838869e-04
2.649999999999999638e-10 6.787129831951933812e-04
2.699999999999999982e-10 1.124311983793022758e-03
2.749999999999999809e-10 8.549277616560481364e-04
2.799999999999999637e-10 6.809932502243072746e-04
2.849999999999999981e-10 5.319736085551749318e-04
2.899999999999999808e-10 6.588300936854606538e-04
2.949999999999999636e-10 5.853882836259860327e-04
2.999999999999999980e-10 6.973131881672926975e-04
3.049999999999999807e-10 3.791009632586090521e-04
3.099999999999999635e-10 9.330530346888285097e-05
3.149999999999999979e-10 2.635318973734749074e-04
3.199999999999999806e-10 2.130787800989863935e-04
3.249999999999999634e-10 2.274033986784663704e-04
3.299999999999999978e-10 7.167359744671916461e-04
3.349999999999999805e-10 8.431738586168781302e-04
3.399999999999999633e-10 8.754417148917238581e-04
3.449999999999999977e-10 8.758598726344461391e-04
3.499999999999999804e-10 8.482357481575421299e-04
3.549999999999999632e-10 5.903339337189994311e-04
3.599999999999999976e-10 4.732518840885195145e-04
3.649999999999999803e-10 6.434866551584546941e-04
3.699999999999999631e-10 7.441903575977740258e-04
3.749999999999999975e-10 6.951988795748280728e-04
3.799999999999999802e-10 3.620852232331316870e-04
3.849999999999999630e-10 2.894362766699236367e-04
3.899999999999999974e-10 7.439857806063120789e-04
3.949999999999999801e-10 9.452636255158997167e-04
3.999999999999999629e-10 1.237331137001470432e-03
4.049999999999999973e-10 1.351162785004646726e-03
4.099999999999999800e-10 1.134339535457707304e-03
4.149999999999999628e-10 8.362637974993736810e-04
4.199999999999999972e-10 6.431267756981587499e-04
4.249999999999999799e-10 6.849716980710353689e-04
4.299999999999999627e-10 7.787209559263622623e-04
4.349999999999999971e-10 5.521433449419545052e-04
4.399999999999999798e-10 2.783206533615552119e-04
4.449999999999999626e-10 4.156073397972412007e-04
4.499999999999999970e-10 4.016620320785108046e-04
4.549999999999999797e-10 7.800521744825417419e-04
4.599999999999999625e-10 5.471633654484894284e-04
4.649999999999999969e-10 3.939871748739810667e-04
4.699999999999999279e-10 1.843532506248230613e-04
4.750000000000000141e-10 5.187047653649260988e-04
4.799999999999999968e-10 6.197964613817109805e-04
4.849999999999999795e-10 4.795493326121830885e-04
4.899999999999999623e-10 5.527415243018370117e-04
4.949999999999999450e-10 6.335467644052754279e-04
4.999999999999999277e-10 4.603488224777093837e-04
5.050000000000000139e-10 8.147082403903982677e-04
5.099999999999999966e-10 7.087789968064867139e-04
5.149999999999999793e-10 6.091541997242345356e-04
5.199999999999999621e-10 3.430134020920044715e-04
5.249999999999999448e-10 5.201341684121547774e-04
5.299999999999999275e-10 3.778156201951096650e-04
5.350000000000000137e-10 5.173352700684441226e-04
5.399999999999999964e-10 6.352957757936832225e-04
5.449999999999999791e-10 6.836956037726761755e-04
5.499999999999999619e-10 7.855817546427576112e-04
5.549999999999999446e-10 9.321911059545781933e-04
5.599999999999999273e-10 1.151183263460227009e-03
5.650000000000000135e-10 9.467539978070345277e-04
5.699999999999999962e-10 6.893174319935048248e-04
5.749999999999999789e-10 4.515493885647857983e-04
5.799999999999999617e-10 5.738650826010471048e-04
5.849999999999999444e-10 4.990477647010113562e-04
5.899999999999999271e-10 3.259072032649554945e-04
5.950000000000000133e-10 3.533562073159477032e-04
5.999999999999999960e-10 6.214440164992398761e-04
6.049999999999999787e-10 6.349926845905256743e-04
6.099999999999999615e-10 8.762304837974623558e-04
6.149999999999999442e-10 9.560816693799337618e-04
6.199999999999999269e-10 6.572004535283454494e-04
6.250000000000000131e-10 2.748787750854228117e-04
6.299999999999999958e-10 3.773354872077778295e-04
6.349999999999999785e-10 1.998165732122968684e-04
6.399999999999999613e-10 2.588082190645443563e-04
6.449999999999999440e-10 2.752234293864231772e-04
6.499999999999999267e-10 4.138945912116963983e-04
6.549999999999999095e-10 4.047942546662052659e-04
6.599999999999999956e-10 4.517273004212887235e-04
6.649999999999999783e-10 5.356620903631189061e-04
6.699999999999999611e-10 6.439350657700716740e-04
6.749999999999999438e-10 5.369540188433760469e-04
6.799999999999999265e-10 5.071617683966560958e-04
6.849999999999999093e-10 5.405584765851192530e-04
6.899999999999999954e-10 3.236557623951381813e-04
6.949999999999999781e-10 2.378047549946915367e-04
6.999999999999999609e-10 1.173871771000501395e-04
7.049999999999999436e-10 1.782602717978434186e-04
7.099999999999999263e-10 1.890365703820846464e-04
7.149999999999999091e-10 1.342506301346172663e-04
7.199999999999999952e-10 3.454866217602637637e-04
7.249999999999999779e-10 3.628504193086148043e-04
7.299999999999999607e-10 4.083769000536262555e-04
7.349999999999999434e-10 1.576730676258529084e-04
7.399999999999999261e-10 1.931900740240096175e-04
7.449999999999999089e-10 2.918457495803653836e-04
7.499999999999999950e-10 1.580736245806145523e-04
7.549999999999999777e-10 1.231772998582528688e-04
7.599999999999999605e-10 1.916405386048556769e-04
7.649999999999999432e-10 1.240275061048504081e-04
7.699999999999999259e-10 9.471238279048131649e-05
7.749999999999999087e-10 5.172365245871263619e-04
7.799999999999999948e-10 3.973511763636618991e-04
7.849999999999999775e-10 6.883324342896356618e-04
7.899999999999999603e-10 6.471714937290674917e-04
7.949999999999999430e-10 3.872353308777560631e-04
7.999999999999999257e-10 5.337488794244316190e-04
8.049999999999999085e-10 3.857709350748707387e-04
8.099999999999999946e-10 5.247552669126508487e-04
8.149999999999999773e-10 1.901049380486240692e-04
8.199999999999999601e-10 3.357420180112883549e-04
8.249999999999999428e-10 1.551947765175425056e-04
8.299999999999999255e-10 6.855560106795988411e-04
8.349999999999999083e-10 5.309614992359685788e-04
8.399999999999999944e-10 6.976212981364979596e-04
8.449999999999999771e-10 4.286039399597822122e-04
8.499999999999999599e-10 8.162582533571960527e-04
8.549999999999999426e-10 2.828078538621012954e-04
8.599999999999999253e-10 3.775904510512074466e-05
8.649999999999999081e-10 2.891940222061939653e-04
8.699999999999999942e-10 1.151305060707094987e-03
8.749999999999999769e-10 1.262779158242376782e-03
8.799999999999999597e-10 1.347468084033337033e-03
8.849999999999999424e-10 1.385058365853566835e-03
8.899999999999999251e-10 1.513070352197585589e-03
8.949999999999999079e-10 1.552063808751126626e-03
8.999999999999999940e-10 9.815472847690769574e-04
9.049999999999999767e-10 8.609115343179678118e-04
9.099999999999999595e-10 4.051868629635109595e-04
9.149999999999999422e-10 2.279165498651354572e-04
9.199999999999999250e-10 2.284076813374463929e-04
9.249999999999999077e-10 4.045763897767294713e-04
9.299999999999999938e-10 1.108642065948474724e-03
9.349999999999999765e-10 1.606201106810309321e-03
9.399999999999998559e-10 2.087188043896749320e-03
9.449999999999999420e-10 2.334517706097366269e-03
9.500000000000000281e-10 1.852362465928840624e-03
9.549999999999999075e-10 1.559190696892587052e-03
9.599999999999999936e-10 7.920955189118085264e-04
9.649999999999998730e-10 5.229745856466644621e-04
9.699999999999999591e-10 3.138070413617608987e-04
9.749999999999998384e-10 3.496429444714875068e-04
9.799999999999999246e-10 5.511275117329956022e-04
9.850000000000000107e-10 6.915625736754987644e-04
9.899999999999998900e-10 1.420205341787546304e-03
9.949999999999999762e-10 1.265056424576646923e-03
9.999999999999998555e-10 2.462942805170925242e-03
1.004999999999999942e-09 1.830105627300438863e-03
1.010000000000000028e-09 1.864293642447201497e-03
1.014999999999999907e-09 1.055590390863765096e-03
1.019999999999999993e-09 9.115561679352836245e-04
1.024999999999999873e-09 3.072632591571210583e-04
1.029999999999999959e-09 1.877812719392491511e-03
1.034999999999999838e-09 2.079585203092582362e-03
1.039999999999999924e-09 2.710412059788755695e-03
1.045000000000000010e-09 2.524390867780449115e-03
1.049999999999999890e-09 3.737487455567896615e-03
1.054999999999999976e-09 2.593587678979207990e-03
1.059999999999999855e-09 2.632765293805613971e-03
1.064999999999999941e-09 1.293727149480778391e-03
1.070000000000000027e-09 1.448226026436544083e-03
1.074999999999999907e-09 3.821035731398494473e-04
1.079999999999999993e-09 2.222147442202115908e-04
1.084999999999999872e-09 2.653154097691152926e-03
1.089999999999999958e-09 2.083257518010874464e-03
1.094999999999999838e-09 2.264046655859120946e-03
1.099999999999999924e-09 2.201519753795861106e-03
1.105000000000000010e-09 1.909593595714554953e-03
1.109999999999999889e-09 1.295354578183550813e-03
1.114999999999999975e-09 7.193045159388019184e-04
1.119999999999999855e-09 9.623775699697852820e-04
1.124999999999999941e-09 7.570800549519370254e-04
1.130000000000000027e-09 1.130127093659014439e-03
1.134999999999999906e-09 2.908217187203653888e-03
1.139999999999999992e-09 3.362732738589635419e-03
1.144999999999999872e-09 3.679199905699120920e-03
1.149999999999999958e-09 2.942032147424168600e-03
1.154999999999999837e-09 4.267146667268841183e-03
1.159999999999999923e-09 4.517269347680143328e-03
1.165000000000000009e-09 3.392382455540287559e-03
1.169999999999999889e-09 2.134241151133077236e-03
1.174999999999999975e-09 1.644309628121853406e-03
1.179999999999999854e-09 7.531965060455397040e-04
1.184999999999999940e-09 5.658944949943224946e-04
1.190000000000000027e-09 2.675867224105942313e-03
1.194999999999999906e-09 1.099184456702759606e-03
1.199999999999999992e-09 9.714457118747785603e-04
1.204999999999999871e-09 2.772455430581039198e-03
1.209999999999999957e-09 3.529840659153827241e-03
1.214999999999999837e-09 3.460381012146623338e-03
1.219999999999999923e-09 2.888558080626649292e-03
1.225000000000000009e-09 2.216698014229520359e-03
1.229999999999999888e-09 1.069538729883183275e-03
1.234999999999999975e-09 5.575790153139377221e-04
1.239999999999999854e-09 2.876485785075724722e-03
1.244999999999999940e-09 1.254970498467911913e-03
1.250000000000000026e-09 3.691990793904432241e-03
1.254999999999999905e-09 5.004743757252873987e-03
1.259999999999999992e-09 5.058353658461769292e-03
1.264999999999999871e-09 3.445222660815556309e-03
1.269999999999999957e-09 3.891525349578625875e-03
1.274999999999999836e-09 2.164106918964603474e-03
1.279999999999999923e-09 1.821200486213605000e-03
1.285000000000000009e-09 9.298743530105371647e-04
1.289999999999999888e-09 5.559036209136964963e-04
1.294999999999999974e-09 4.230916874421951877e-03
1.299999999999999853e-09 5.895366684538843986e-03
1.304999999999999940e-09 5.373951578707843006e-03
1.309999999999999819e-09 4.310740076722416152e-03
1.314999999999999905e-09 4.024290824607398669e-03
1.319999999999999991e-09 4.052653218839102900e-03
1.324999999999999871e-09 2.364122780012114979e-03
1.329999999999999957e-09 2.158068765405484618e-03
1.334999999999999836e-09 1.178800784295896270e-03
1.339999999999999922e-09 6.900980880972414078e-04
1.345000000000000008e-09 6.897437113609781924e-04
1.349999999999999888e-09 4.957717809050282871e-03
1.354999999999999974e-09 3.323330780846854397e-03
1.359999999999999853e-09 2.377038241502237199e-03
1.364999999999999939e-09 2.107452362085903037e-03
1.369999999999999819e-09 4.640277999080767712e-03
1.374999999999999905e-09 2.762098649605243452e-03
1.379999999999999991e-09 3.605925887093766775e-03
1.384999999999999870e-09 1.439095895856224534e-03
1.389999999999999956e-09 1.716664201808008362e-03
1.394999999999999836e-09 2.211973848828082854e-04
1.399999999999999922e-09 3.548717988713228754e-03
1.405000000000000008e-09 1.405047453103860401e-03
1.409999999999999887e-09 4.218908406877650875e-03
1.414999999999999973e-09 5.477047274867014211e-03
1.419999999999999853e-09 6.007312871688277878e-03
1.424999999999999939e-09 4.809575491565142719e-03
1.429999999999999818e-09 4.198285242841307344e-03
1.434999999999999904e-09 2.384399113811512452e-03
1.439999999999999990e-09 1.757311626718003998e-03
1.444999999999999870e-09 7.226770447820570972e-04
1.449999999999999956e-09 8.566155111136649518e-05
1.454999999999999835e-09 3.704321939173417424e-03
1.459999999999999921e-09 5.179320082733165215e-03
1.465000000000000007e-09 4.519999783096992005e-03
1.469999999999999887e-09 3.738570961792650384e-03
1.474999999999999973e-09 3.427652312504820848e-03
1.479999999999999852e-09 2.747321539350930288e-03
1.484999999999999938e-09 1.639055600626810379e-03
1.489999999999999818e-09 1.144588780791459684e-03
1.494999999999999904e-09 9.867084712512775701e-04
1.499999999999999990e-09 1.298148337560296717e-04
1.504999999999999869e-09 1.109012851560823741e-03
1.509999999999999955e-09 4.969513174226203832e-03
1.514999999999999835e-09 4.444618155556014256e-03
1.519999999999999921e-09 2.916260079188999054e-03
1.525000000000000007e-09 1.859520564670278124e-03
1.529999999999999886e-09 3.747478647088403093e-03
1.534999999999999973e-09 2.698974508956263237e-03
1.539999999999999852e-09 2.735433648741803989e-03
1.544999999999999938e-09 1.810778945405915096e-03
1.549999999999999817e-09 1.297387133180622452e-03
1.554999999999999903e-09 4.534672540766154737e-04
1.559999999999999990e-09 4.467983374326782268e-03
1.564999999999999869e-09 2.645504775334085908e-03
1.569999999999999955e-09 3.965408682650045126e-03
1.574999999999999834e-09 5.144349908153243028e-03
1.579999999999999921e-09 6.100371495863227481e-03
1.585000000000000007e-09 5.371400006409446891e-03
1.589999999999999886e-09 4.483436648893958897e-03
1.594999999999999972e-09 2.692974187441703107e-03
1.599999999999999851e-09 1.526494032513863548e-03
1.604999999999999938e-09 6.730241173855549836e-04
1.609999999999999817e-09 4.112303010085447547e-04
1.614999999999999903e-09 3.601519892091324497e-03
1.619999999999999989e-09 4.978824992384315966e-03
1.624999999999999869e-09 4.790832640399540765e-03
1.629999999999999955e-09 4.505730731634901426e-03
1.634999999999999834e-09 3.755792014815552415e-03
1.639999999999999920e-09 3.859237336799084452e-03
1.644999999999999799e-09 3.057446771968162693e-03
1.649999999999999886e-09 2.249411134025934220e-03
1.654999999999999972e-09 1.723306378589625765e-03
1.659999999999999851e-09 1.091500407060882853e-03
1.664999999999999937e-09 3.350118006014791224e-04
1.669999999999999817e-09 4.213604187957585394e-03
1.674999999999999903e-09 4.542881275440370514e-03
1.679999999999999989e-09 2.434709893917162259e-03
1.684999999999999868e-09 1.882446385877948377e-03
1.689999999999999954e-09 3.352133086015879945e-03
1.694999999999999834e-09 3.515477706116848077e-03
1.699999999999999920e-09 2.894160931596969060e-03
1.704999999999999799e-09 1.796870143200769709e-03
1.709999999999999885e-09 9.707429105541733180e-04
1.714999999999999971e-09 3.566852920658064672e-04
1.719999999999999851e-09 4.429250438205105042e-03
1.724999999999999937e-09 3.184325927715832977e-03
1.729999999999999816e-09 2.892378264778675684e-03
1.734999999999999902e-09 4.266136439315702106e-03
1.739999999999999988e-09 4.998885718388042416e-03
1.744999999999999868e-09 4.837655110277244534e-03
1.749999999999999954e-09 3.915813622026944468e-03
1.754999999999999833e-09 2.354898191992032316e-03
1.759999999999999919e-09 1.262378189001387438e-03
1.764999999999999799e-09 5.897016681872172374e-04
1.769999999999999885e-09 6.509316771145979988e-04
1.774999999999999971e-09 3.379462468078135891e-03
1.779999999999999850e-09 4.645590532875927200e-03
1.784999999999999936e-09 5.456383563171929643e-03
1.789999999999999816e-09 4.718717463568444792e-03
1.794999999999999902e-09 3.637229739259059853e-03
1.799999999999999988e-09 2.864412288780890034e-03
1.804999999999999867e-09 2.315407079630068827e-03
1.809999999999999953e-09 1.412827246369259809e-03
1.814999999999999833e-09 4.937934688959836390e-04
1.819999999999999919e-09 3.370812746679988830e-05
1.824999999999999798e-09 2.320860365600187930e-04
1.829999999999999884e-09 9.364197988427549330e-04
1.834999999999999971e-09 1.371618798539426219e-03
1.839999999999999850e-09 2.348672261254814222e-03
1.844999999999999936e-09 2.819722158610519450e-03
1.849999999999999815e-09 3.514957767330169867e-03
1.854999999999999901e-09 2.466712551751184049e-03
1.859999999999999988e-09 1.237036412225227212e-03
1.865000000000000074e-09 6.039186851092298190e-04
1.869999999999999953e-09 3.616675930501125772e-04
1.874999999999999832e-09 4.890540571193816499e-04
1.879999999999999712e-09 5.603863172628649166e-04
1.885000000000000005e-09 8.716599251078452522e-04
1.889999999999999884e-09 1.340098382108510485e-03
1.894999999999999763e-09 8.446847422948581272e-04
1.900000000000000056e-09 7.604126929456889172e-04
1.904999999999999936e-09 4.386009339173164556e-04
1.909999999999999815e-09 8.492824027112136917e-04
1.914999999999999694e-09 8.726339591889600757e-04
1.919999999999999987e-09 7.856230126707633606e-04
1.924999999999999867e-09 7.234527635423368581e-04
1.929999999999999746e-09 6.408967718484774503e-04
1.935000000000000039e-09 8.431511393178249547e-04
1.939999999999999918e-09 9.118263198297687014e-04
1.944999999999999798e-09 9.910608554161246409e-04
1.949999999999999677e-09 8.945019776616806905e-04
1.954999999999999970e-09 5.770011079076729776e-04
1.959999999999999849e-09 5.639374126212972965e-04
1.964999999999999728e-09 7.036331806551604853e-04
1.970000000000000021e-09 4.214938801857878595e-04
1.974999999999999901e-09 2.349391916302556716e-04
1.979999999999999780e-09 3.006758700969044420e-04
1.985000000000000073e-09 7.081975854755159783e-04
1.989999999999999952e-09 9.676934305956364510e-04
1.994999999999999832e-09 7.813042318053490306e-04
1.999999999999999711e-09 6.993818998671653790e-04
2.005000000000000004e-09 5.882302823397732219e-04
2.009999999999999883e-09 6.998132546413159301e-04
2.014999999999999763e-09 5.637350329806898978e-04
2.020000000000000055e-09 6.105549043776412662e-04
2.024999999999999935e-09 5.054567329076907478e-04
2.029999999999999814e-09 6.878937545721381394e-04
2.034999999999999694e-09 1.051896277025241152e-03
2.039999999999999986e-09 8.874365020891472958e-04
2.044999999999999866e-09 6.850633456388409773e-04
2.049999999999999745e-09 6.581304016825452333e-04
2.055000000000000038e-09 8.221347680355206794e-04
2.059999999999999917e-09 8.639149250319199010e-04
2.064999999999999797e-09 4.755203090477039870e-04
2.069999999999999676e-09 4.354974742803088415e-04
2.074999999999999969e-09 3.310519133497238269e-04
2.079999999999999848e-09 4.797089202362001979e-04
2.084999999999999728e-09 8.801119009507369110e-04
2.090000000000000021e-09 4.987900637685245726e-04
2.094999999999999900e-09 2.933132238364409886e-04
2.099999999999999779e-09 4.032318887139621109e-04
2.105000000000000072e-09 9.922007560951932577e-05
2.109999999999999952e-09 4.537294313940782751e-04
2.114999999999999831e-09 5.532443998211263383e-04
2.119999999999999710e-09 6.552579147496953886e-04
2.125000000000000003e-09 6.553463760348383687e-04
2.129999999999999882e-09 6.480660886214520671e-04
2.134999999999999762e-09 3.288790240364077586e-04
2.140000000000000055e-09 6.687360258317827464e-04
2.144999999999999934e-09 8.064710379086049768e-04
2.149999999999999813e-09 5.588896747321107005e-04
2.154999999999999693e-09 7.934375948415738110e-04
2.159999999999999986e-09 7.008181482137955907e-04
2.164999999999999865e-09 1.419007934154873968e-04
2.169999999999999744e-09 8.847504153442076061e-04
2.175000000000000037e-09 1.194988176925483722e-03
2.179999999999999917e-09 1.385787937008453336e-03
2.184999999999999796e-09 1.769300214849115621e-03
2.189999999999999675e-09 1.677886549468965731e-03
2.194999999999999968e-09 1.080397211928364265e-03
2.199999999999999848e-09 5.251998647892402831e-04
2.204999999999999727e-09 5.843499544890852753e-04
2.210000000000000020e-09 5.787159011356822870e-04
2.214999999999999899e-09 4.783360182535732904e-04
2.219999999999999778e-09 5.528447586072069266e-04
2.225000000000000071e-09 1.741248118098711294e-03
2.229999999999999951e-09 2.517811470664474416e-03
2.234999999999999830e-09 2.476605177485212070e-03
2.239999999999999709e-09 2.589420994344997663e-03
2.245000000000000002e-09 2.471176341731262487e-03
2.249999999999999882e-09 1.954524538950196556e-03
2.254999999999999761e-09 1.559294889068467199e-03
2.260000000000000054e-09 1.234296781263899889e-03
2.264999999999999933e-09 6.468361077879110008e-04
2.269999999999999813e-09 3.297498141913569707e-03
2.274999999999999692e-09 2.821140476634525010e-03
2.279999999999999985e-09 1.599885311591724537e-03
2.284999999999999864e-09 4.418513402416897329e-03
2.289999999999999744e-09 4.658603433692143705e-03
2.295000000000000036e-09 3.967498102847200232e-03
2.299999999999999916e-09 1.939955799190852537e-03
2.304999999999999795e-09 1.995315737115809038e-03
2.309999999999999674e-09 2.098251241380907212e-03
2.314999999999999967e-09 7.194690736079821557e-04
2.319999999999999847e-09 2.646007678178363860e-03
2.324999999999999726e-09 1.791414177835020218e-03
2.330000000000000019e-09 2.526428711989873142e-03
2.334999999999999898e-09 4.827738402896567492e-03
2.339999999999999778e-09 3.507907894296204577e-03
2.344999999999999657e-09 4.172176312398475674e-03
2.349999999999999950e-09 4.328812499800553833e-03
2.354999999999999829e-09 1.591972096997342758e-03
2.359999999999999709e-09 2.184739847383290051e-03
2.365000000000000002e-09 2.693783663244859149e-03
2.369999999999999881e-09 1.936682879477252209e-03
2.374999999999999760e-09 8.239233035522123758e-03
2.380000000000000053e-09 6.781274433592310823e-03
2.384999999999999932e-09 3.522163858411032824e-03
2.389999999999999812e-09 6.535892953469398664e-03
2.394999999999999691e-09 3.968467403220198378e-03
2.399999999999999984e-09 3.011225747595914180e-03
2.404999999999999863e-09 4.018175546393138765e-03
2.409999999999999743e-09 2.969626953222783642e-03
2.415000000000000036e-09 3.124765546473966173e-03
2.419999999999999915e-09 3.518553570191375671e-03
2.424999999999999794e-09 3.742388994960140890e-03
2.429999999999999674e-09 3.947939571278113492e-03
2.434999999999999967e-09 6.941609298714027966e-03
2.439999999999999846e-09 4.646186903346137542e-03
2.444999999999999725e-09 7.248258281361917750e-03
2.450000000000000018e-09 5.426202644094406911e-03
2.454999999999999898e-09 3.313189601405457357e-03
2.459999999999999777e-09 2.582815275135410139e-03
2.464999999999999656e-09 2.902890680978818458e-03
2.469999999999999949e-09 3.384396642393264903e-03
2.474999999999999828e-09 3.305831250532345264e-03
2.479999999999999708e-09 1.000000000000000021e-02
2.485000000000000001e-09 5.267310298849936859e-03
2.489999999999999880e-09 8.317320833422577053e-03
2.494999999999999759e-09 5.403644512653611384e-03
2.500000000000000052e-09 5.936508762726543445e-03
2.504999999999999932e-09 4.655686261864063445e-03
2.509999999999999811e-09 3.374690833184883134e-03
2.514999999999999690e-09 4.367589917006914693e-03
2.519999999999999983e-09 3.344477402087147645e-03
2.524999999999999863e-09 4.750753747521517696e-03
2.529999999999999742e-09 3.263544753676934831e-03
2.535000000000000035e-09 6.540449974771664690e-03
2.539999999999999914e-09 5.915889179008899414e-03
2.544999999999999794e-09 6.877820595445652621e-03
2.549999999999999673e-09 6.256722823358572445e-03
2.554999999999999966e-09 5.540063224730456919e-03
2.559999999999999845e-09 4.151036593769703853e-03
2.564999999999999724e-09 3.022394613703749573e-03
2.570000000000000017e-09 3.945395104206395227e-03
2.574999999999999897e-09 2.795148143041022073e-03
2.579999999999999776e-09 5.105552838600931065e-03
2.584999999999999655e-09 7.990210824624094030e-03
2.589999999999999948e-09 5.500551084802683330e-03
2.594999999999999828e-09 7.956338932929754582e-03
2.599999999999999707e-09 4.615797110814748479e-03
2.605000000000000000e-09 5.259780277100241548e-03
2.609999999999999879e-09 3.509070038006933522e-03
2.614999999999999759e-09 4.435237940572101835e-03
2.619999999999999638e-09 2.425562786343787424e-03
2.624999999999999931e-09 4.872229334671531430e-03
2.629999999999999810e-09 3.028705668959194488e-03
2.634999999999999690e-09 4.668427734928100314e-03
2.639999999999999982e-09 6.260251640622070679e-03
2.644999999999999862e-09 5.697420578611389619e-03
2.649999999999999741e-09 7.736954024352681210e-03
2.655000000000000034e-09 4.860133385963424403e-03
2.659999999999999913e-09 5.492641169374846977e-03
2.664999999999999793e-09 2.252312326922613350e-03
2.669999999999999672e-09 3.498164602360898361e-03
2.674999999999999965e-09 2.614417849812025827e-03
2.679999999999999844e-09 3.794539306608254395e-03
2.684999999999999724e-09 4.103789030339670060e-03
2.690000000000000017e-09 7.262725173852411023e-03
2.694999999999999896e-09 6.615744545992217375e-03
2.699999999999999775e-09 6.799539710058984977e-03
2.704999999999999655e-09 5.803138030742223223e-03
2.709999999999999948e-09 3.736216179053558541e-03
2.714999999999999827e-09 4.313482333801670759e-03
2.719999999999999706e-09 2.489267698103117717e-03
2.724999999999999999e-09 3.342660069750492177e-03
2.729999999999999878e-09 3.582169647767781753e-03
2.734999999999999758e-09 3.634374242266069730e-03
2.739999999999999637e-09 4.689994668607056286e-03
2.744999999999999930e-09 6.323035706528116681e-03
2.749999999999999809e-09 6.438683808234816480e-03
2.754999999999999689e-09 6.920059058636747473e-03
2.759999999999999982e-09 5.526151096984180215e-03
2.764999999999999861e-09 3.963304899138721769e-03
2.769999999999999740e-09 3.397115319521608855e-03
2.775000000000000033e-09 2.342846453139658600e-03
2.779999999999999913e-09 3.058058698701600266e-03
2.784999999999999792e-09 3.589116414940372261e-03
2.789999999999999671e-09 3.568019834643538276e-03
2.794999999999999964e-09 6.266273003239290935e-03
2.799999999999999844e-09 6.451993104017235414e-03
2.804999999999999723e-09 6.564637101861604991e-03
2.810000000000000016e-09 6.242686559508341462e-03
2.814999999999999895e-09 3.948767761086795745e-03
2.819999999999999774e-09 3.912841646625252710e-03
2.824999999999999654e-09 3.024531860372078277e-03
2.829999999999999947e-09 2.376756477583022008e-03
2.834999999999999826e-09 3.737752912207355227e-03
2.839999999999999705e-09 3.372075495625021478e-03
2.844999999999999998e-09 4.056677907327539342e-03
2.849999999999999878e-09 6.473096022819553770e-03
2.854999999999999757e-09 5.961726632887507683e-03
2.859999999999999636e-09 6.123867173439510869e-03
2.864999999999999929e-09 5.558203033863499086e-03
2.869999999999999809e-09 3.173313591240867985e-03
2.874999999999999688e-09 3.347736051746757081e-03
2.879999999999999981e-09 2.449210558776556551e-03
2.884999999999999860e-09 2.353117633503913012e-03
2.889999999999999740e-09 3.643738186684018603e-03
2.894999999999999619e-09 2.536507320971184004e-03
2.899999999999999912e-09 5.105899286167714206e-03
2.904999999999999791e-09 6.497755179535644188e-03
2.909999999999999670e-09 5.326725766614336284e-03
2.914999999999999963e-09 5.779295365520410212e-03
2.919999999999999843e-09 3.649034257786525418e-03
2.924999999999999722e-09 2.938961690121869724e-03
2.930000000000000015e-09 3.361611692181258517e-03
2.934999999999999894e-09 1.717663615790455218e-03
2.939999999999999774e-09 2.717906528572099252e-03
2.944999999999999653e-09 3.370999167648549514e-03
2.949999999999999946e-09 2.731851991480867010e-03
2.954999999999999825e-09 5.910619763723927618e-03
2.959999999999999705e-09 5.176414815692744094e-03
2.964999999999999998e-09 4.941341797970120672e-03
2.969999999999999877e-09 5.140078044236012604e-03
2.974999999999999756e-09 2.520476884725219094e-03
2.979999999999999636e-09 3.056716088386315314e-03
2.984999999999999928e-09 2.338737528170459646e-03
2.989999999999999808e-09 1.178645810936709360e-03
2.994999999999999687e-09 2.730233874795923946e-03
2.999999999999999980e-09 2.779735285808243150e-03
3.004999999999999859e-09 2.996758097357815794e-03
3.009999999999999739e-09 5.762819179540736199e-03
3.014999999999999618e-09 4.007913395496496764e-03
3.019999999999999911e-09 4.298531886710563014e-03
3.024999999999999790e-09 3.573797813429335259e-03
3.029999999999999670e-09 1.731681963484085589e-03
3.034999999999999963e-09 2.733003268931164572e-03
3.039999999999999842e-09 1.671473702123131263e-03
3.044999999999999721e-09 1.380026164060483857e-03
3.050000000000000014e-09 2.500390826998545937e-03
3.054999999999999894e-09 2.417641700644428213e-03
3.059999999999999773e-09 4.010448576748401432e-03
3.064999999999999652e-09 4.815253285353047856e-03
3.069999999999999945e-09 3.798294526631356815e-03
3.074999999999999824e-09 3.875993806340565385e-03
3.079999999999999704e-09 2.364811778116052577e-03
3.084999999999999997e-09 2.208063422626633035e-03
3.089999999999999876e-09 1.627621016142997198e-03
3.094999999999999755e-09 1.322211689170723964e-03
3.099999999999999635e-09 1.448862152167233004e-03
3.104999999999999928e-09 2.097754957258865776e-03
3.109999999999999807e-09 2.231146989954998008e-03
3.114999999999999686e-09 3.980051573134630975e-03
3.119999999999999979e-09 3.589179274792121416e-03
3.124999999999999859e-09 3.234608784795227863e-03
3.129999999999999738e-09 2.905604545300582466e-03
3.134999999999999617e-09 1.860838400483611193e-03
3.139999999999999910e-09 1.654630799291608194e-03
3.144999999999999790e-09 8.481537623987935471e-04
3.149999999999999669e-09 7.002347690420302438e-04
3.154999999999999962e-09 1.272185745950123398e-03
3.159999999999999841e-09 1.983437697556387873e-03
3.164999999999999720e-09 2.560716432385410236e-03
3.170000000000000013e-09 3.668052799757889025e-03
3.174999999999999893e-09 2.988427569882697553e-03
3.179999999999999772e-09 2.985913238895235387e-03
3.184999999999999651e-09 2.132087649594685726e-03
3.189999999999999944e-09 1.771222072651108034e-03
3.194999999999999824e-09 9.674861122668695608e-04
3.199999999999999703e-09 7.109947405576333944e-04
3.204999999999999996e-09 7.364951028164955400e-04
3.209999999999999875e-09 1.260338520614596091e-03
3.214999999999999755e-09 1.558853059937786306e-03
3.219999999999999634e-09 2.778418366773793141e-03
3.224999999999999927e-09 2.952540509740941756e-03
3.229999999999999806e-09 2.390832227104197280e-03
3.234999999999999686e-09 2.564193269906170532e-03
3.239999999999999978e-09 2.036869121199726650e-03
3.244999999999999858e-09 7.900960045512493571e-04
3.249999999999999737e-09 2.103034635588813125e-04
3.254999999999999616e-09 6.073046333498131584e-04
3.259999999999999909e-09 8.660317668173593553e-04
3.264999999999999789e-09 1.474628543123721741e-03
3.269999999999999668e-09 2.135793233726542440e-03
3.274999999999999961e-09 2.798110650558291619e-03
3.279999999999999840e-09 2.699110263030036778e-03
3.284999999999999720e-09 2.324585881439224667e-03
3.289999999999999599e-09 2.498405173667623668e-03
3.294999999999999892e-09 1.401862964018558803e-03
3.299999999999999771e-09 6.128924180824269407e-04
3.304999999999999651e-09 1.638305971130131771e-04
3.309999999999999944e-09 8.855688653897020529e-04
3.314999999999999823e-09 9.659744841901529017e-04
3.319999999999999702e-09 1.724328648393052372e-03
3.324999999999999995e-09 2.350613735364690243e-03
3.329999999999999874e-09 2.436790132836875056e-03
3.334999999999999754e-09 2.434014836793063196e-03
3.339999999999999633e-09 1.928700760362102914e-03
3.344999999999999926e-09 2.219297423204618334e-03
3.349999999999999805e-09 6.442899673072717548e-04
3.354999999999999685e-09 1.515564527385140407e-05
3.359999999999999978e-09 5.230260877914161754e-04
3.364999999999999857e-09 8.767712151090421629e-04
3.369999999999999736e-09 1.199136630194811651e-03
3.374999999999999616e-09 1.958936635020713628e-03
3.379999999999999909e-09 2.234377326305613237e-03
3.384999999999999788e-09 2.403775779774392982e-03
3.389999999999999667e-09 1.918703072343958200e-03
3.394999999999999960e-09 1.880067115799308967e-03
3.399999999999999840e-09 1.286305900999444932e-03
3.404999999999999719e-09 2.311702509716270771e-04
3.409999999999999598e-09 2.501890423321144843e-04
3.414999999999999891e-09 1.010496986344466223e-03
3.419999999999999770e-09 1.254882158875209562e-03
3.424999999999999650e-09 1.375874169996345580e-03
3.429999999999999943e-09 2.038184942431500637e-03
3.434999999999999822e-09 2.084378237189133364e-03
3.439999999999999701e-09 2.161507204959059285e-03
3.444999999999999994e-09 1.661988333285927813e-03
3.449999999999999874e-09 1.399991932726064089e-03
3.454999999999999753e-09 2.971234070760226244e-04
3.459999999999999632e-09 5.193102414348746291e-04
3.464999999999999925e-09 8.452614432502702927e-04
3.469999999999999805e-09 1.341687863074013777e-03
3.474999999999999684e-09 1.376819639190874104e-03
3.479999999999999977e-09 1.492278785705642135e-03
3.484999999999999856e-09 1.873065760340478876e-03
3.489999999999999736e-09 1.915673360862940123e-03
3.494999999999999615e-09 1.585280210381497272e-03
3.499999999999999908e-09 7.923774132256135912e-04
3.504999999999999787e-09 2.844740034080489631e-04
3.509999999999999666e-09 5.531918441419470672e-04
3.514999999999999959e-09 8.312710528399070006e-04
3.519999999999999839e-09 1.391824642395858135e-03
3.524999999999999718e-09 1.340429549890028663e-03
3.529999999999999597e-09 1.396353285535982362e-03
3.534999999999999890e-09 1.580676078192286673e-03
3.539999999999999770e-09 1.825510312728936954e-03
3.544999999999999649e-09 1.623860941051637847e-03
3.549999999999999942e-09 8.912948692436778453e-04
3.554999999999999821e-09 5.758507991166216542e-04
3.559999999999999701e-09 5.587613796567098912e-04
3.564999999999999580e-09 1.103662755860837074e-03
3.569999999999999873e-09 1.316651521965769931e-03
3.574999999999999752e-09 1.580894527089680719e-03
3.579999999999999632e-09 1.323048623416363517e-03
3.584999999999999924e-09 1.159026511413138250e-03
3.589999999999999804e-09 1.385165384623142197e-03
3.594999999999999683e-09 1.406430837903000202e-03
3.599999999999999976e-09 1.386732175727520755e-03
3.604999999999999855e-09 6.765165361969403086e-04
3.609999999999999735e-09 3.825298498685170828e-04
3.614999999999999614e-09 6.122186237310912839e-04
3.619999999999999907e-09 1.160224517255456196e-03
3.624999999999999786e-09 1.619796462296963250e-03
3.629999999999999666e-09 1.556750266263591228e-03
3.634999999999999959e-09 1.222568334181548802e-03
3.639999999999999838e-09 1.038085286007989650e-03
3.644999999999999717e-09 1.337060394460448621e-03
3.649999999999999597e-09 1.262335653323551354e-03
3.654999999999999890e-09 6.770481923786278661e-04
3.659999999999999769e-09 1.549227705423513791e-04
3.664999999999999648e-09 2.590604330810026223e-04
3.669999999999999941e-09 8.761589125718086297e-04
3.674999999999999820e-09 1.354960072903386124e-03
3.679999999999999700e-09 1.534666714589708004e-03
3.684999999999999579e-09 1.441778514105826817e-03
3.689999999999999872e-09 1.184301705795576514e-03
3.694999999999999751e-09 1.120843493948271230e-03
3.699999999999999631e-09 1.073463484309856303e-03
3.704999999999999924e-09 6.691274625932426209e-04
3.709999999999999803e-09 2.704331124955164194e-04
3.714999999999999682e-09 2.517926505563217350e-04
3.719999999999999975e-09 6.792569886498499646e-04
3.724999999999999855e-09 1.068370655273329431e-03
3.730000000000000148e-09 1.373226754896640384e-03
3.735000000000000027e-09 1.318288508964554021e-03
3.739999999999999906e-09 1.024975482588780587e-03
3.744999999999999786e-09 8.290668491864036432e-04
3.749999999999999665e-09 8.359048758951144117e-04
3.754999999999999544e-09 8.707132960835248410e-04
3.759999999999999424e-09 3.286300432165682934e-04
3.765000000000000130e-09 4.075914662500424617e-05
3.770000000000000009e-09 2.062736962106206300e-04
3.774999999999999889e-09 6.991143574465467827e-04
3.779999999999999768e-09 9.506898204950487525e-04
3.784999999999999647e-09 1.191366978119932181e-03
3.789999999999999527e-09 1.123447775959388181e-03
3.794999999999999406e-09 9.330923483288690616e-04
3.800000000000000113e-09 8.366874675666534930e-04
3.804999999999999992e-09 7.130358148389713546e-04
3.809999999999999871e-09 5.218747372080673489e-04
3.814999999999999751e-09 9.036225118435028329e-05
3.819999999999999630e-09 3.069300153127029460e-04
3.824999999999999509e-09 7.518177835139519625e-04
3.829999999999999389e-09 9.876911298657379146e-04
3.835000000000000095e-09 1.079452093349879968e-03
3.839999999999999974e-09 9.548826135773714162e-04
3.844999999999999854e-09 7.661401346396133757e-04
3.849999999999999733e-09 6.369630863356116673e-04
3.854999999999999612e-09 7.301606388782608302e-04
3.859999999999999492e-09 5.047120354576003316e-04
3.864999999999999371e-09 2.893939437918447376e-04
3.870000000000000078e-09 1.663269468889374094e-04
3.874999999999999957e-09 4.379053212607331744e-04
3.879999999999999836e-09 7.639547485866487889e-04
3.884999999999999716e-09 8.769976829229326337e-04
3.889999999999999595e-09 9.517316532710635860e-04
3.894999999999999474e-09 8.268306040941864271e-04
3.899999999999999354e-09 6.443407846293949586e-04
3.905000000000000060e-09 5.099200692514279125e-04
3.909999999999999940e-09 5.775399451100202619e-04
3.914999999999999819e-09 3.990316080524603740e-04
3.919999999999999698e-09 1.760943337525927945e-04
3.924999999999999578e-09 3.046267763836430918e-04
3.929999999999999457e-09 5.294027529448109897e-04
3.935000000000000163e-09 8.460756447905325509e-04
3.940000000000000043e-09 8.280704750878806891e-04
3.944999999999999922e-09 8.876717792515509062e-04
3.949999999999999801e-09 6.833744908304827505e-04
3.954999999999999681e-09 5.680390266439957125e-04
3.959999999999999560e-09 4.780362299060262796e-04
3.964999999999999439e-09 3.098348210203737455e-04
3.970000000000000146e-09 2.274258973189345005e-04
3.975000000000000025e-09 6.524446816759457690e-05
3.979999999999999905e-09 3.396262340799447626e-04
3.984999999999999784e-09 4.722107778786568131e-04
3.989999999999999663e-09 6.899699050642213970e-04
3.994999999999999543e-09 7.858457542092192431e-04
