1.783183947122879561e-04
3.919829522532761526e-04
2.520099527550574985e-04
3.470027236580505931e-04
2.617183977914806672e-04
2.850744361585104197e-04
4.840563952788184271e-04
4.786359287104195899e-04
7.411968509807853600e-04
9.040058205869414302e-04
1.135428575766772759e-03
1.088596708009637948e-03
8.294473656889989142e-04
7.610195899062638511e-04
3.720796520973710417e-04
3.371374608807913703e-04
8.476228485103273454e-04
1.187628283729141995e-03
1.453786758587739380e-03
1.626517762932110133e-03
1.662522333406375253e-03
1.282784531493790740e-03
1.117828139038359349e-03
1.138240644466476928e-03
4.007984863046519367e-04
3.892957840222911596e-04
1.024236743810600118e-03
1.480074279154059086e-03
1.542761898062170551e-03
1.537365039255672887e-03
1.323348285789120466e-03
1.050912235154984877e-03
7.964707481414780993e-04
6.210064812673664640e-04
5.135834646882703582e-04
1.440017398300586448e-04
3.268723911595408714e-04
9.691144162955710184e-04
1.019045911096361440e-03
1.002758463925522208e-03
8.762002410486284792e-04
5.008521493011795821e-04
6.152313179276805389e-04
8.294819507948675025e-04
6.052303476507002239e-04
3.521209075118659311e-04
3.115941990944408021e-04
6.029496049283167248e-04
6.703811747816162134e-04
7.772664512355739524e-04
7.988217617451369261e-04
7.605830146978689041e-04
7.247345679894838869e-04
6.787129831951933812e-04
1.124311983793022758e-03
8.549277616560481364e-04
6.809932502243072746e-04
5.319736085551749318e-04
6.588300936854606538e-04
5.853882836259860327e-04
6.973131881672926975e-04
3.791009632586090521e-04
9.330530346888285097e-05
2.635318973734749074e-04
2.130787800989863935e-04
2.274033986784663704e-04
7.167359744671916461e-04
8.431738586168781302e-04
8.754417148917238581e-04
8.758598726344461391e-04
8.482357481575421299e-04
5.903339337189994311e-04
4.732518840885195145e-04
6.434866551584546941e-04
7.441903575977740258e-04
6.951988795748280728e-04
3.620852232331316870e-04
2.894362766699236367e-04
7.439857806063120789e-04
9.452636255158997167e-04
1.237331137001470432e-03
1.351162785004646726e-03
1.134339535457707304e-03
8.362637974993736810e-04
6.431267756981587499e-04
6.849716980710353689e-04
7.787209559263622623e-04
5.521433449419545052e-04
2.783206533615552119e-04
4.156073397972412007e-04
4.016620320785108046e-04
7.800521744825417419e-04
5.471633654484894284e-04
3.939871748739810667e-04
1.843532506248230613e-04
5.187047653649260988e-04
6.197964613817109805e-04
4.795493326121830885e-04
5.527415243018370117e-04
6.335467644052754279e-04
4.603488224777093837e-04
8.147082403903982677e-04
7.087789968064867139e-04
6.091541997242345356e-04
3.430134020920044715e-04
5.201341684121547774e-04
3.778156201951096650e-04
5.173352700684441226e-04
6.352957757936832225e-04
6.836956037726761755e-04
7.855817546427576112e-04
9.321911059545781933e-04
1.151183263460227009e-03
9.467539978070345277e-04
6.893174319935048248e-04
4.515493885647857983e-04
5.738650826010471048e-04
4.990477647010113562e-04
3.259072032649554945e-04
3.533562073159477032e-04
6.214440164992398761e-04
6.349926845905256743e-04
8.762304837974623558e-04
9.560816693799337618e-04
6.572004535283454494e-04
2.748787750854228117e-04
3.773354872077778295e-04
1.998165732122968684e-04
2.588082190645443563e-04
2.752234293864231772e-04
4.138945912116963983e-04
4.047942546662052659e-04
4.517273004212887235e-04
5.356620903631189061e-04
6.439350657700716740e-04
5.369540188433760469e-04
5.071617683966560958e-04
5.405584765851192530e-04
3.236557623951381813e-04
2.378047549946915367e-04
1.173871771000501395e-04
1.782602717978434186e-04
1.890365703820846464e-04
1.342506301346172663e-04
3.454866217602637637e-04
3.628504193086148043e-04
4.083769000536262555e-04
1.576730676258529084e-04
1.931900740240096175e-04
2.918457495803653836e-04
1.580736245806145523e-04
1.231772998582528688e-04
1.916405386048556769e-04
1.240275061048504081e-04
9.471238279048131649e-05
5.172365245871263619e-04
3.973511763636618991e-04
6.883324342896356618e-04
6.471714937290674917e-04
3.872353308777560631e-04
5.337488794244316190e-04
3.857709350748707387e-04
5.247552669126508487e-04
1.901049380486240692e-04
3.357420180112883549e-04
1.551947765175425056e-04
6.855560106795988411e-04
5.309614992359685788e-04
6.976212981364979596e-04
4.286039399597822122e-04
8.162582533571960527e-04
2.828078538621012954e-04
3.775904510512074466e-05
2.891940222061939653e-04
1.151305060707094987e-03
1.262779158242376782e-03
1.347468084033337033e-03
1.385058365853566835e-03
1.513070352197585589e-03
1.552063808751126626e-03
9.815472847690769574e-04
8.609115343179678118e-04
4.051868629635109595e-04
2.279165498651354572e-04
2.284076813374463929e-04
4.045763897767294713e-04
1.108642065948474724e-03
1.606201106810309321e-03
2.087188043896749320e-03
2.334517706097366269e-03
1.852362465928840624e-03
1.559190696892587052e-03
7.920955189118085264e-04
5.229745856466644621e-04
3.138070413617608987e-04
3.496429444714875068e-04
5.511275117329956022e-04
6.915625736754987644e-04
1.420205341787546304e-03
1.265056424576646923e-03
2.462942805170925242e-03
1.830105627300438863e-03
1.864293642447201497e-03
1.055590390863765096e-03
9.115561679352836245e-04
3.072632591571210583e-04
1.877812719392491511e-03
2.079585203092582362e-03
2.710412059788755695e-03
2.524390867780449115e-03
3.737487455567896615e-03
2.593587678979207990e-03
2.632765293805613971e-03
1.293727149480778391e-03
1.448226026436544083e-03
3.821035731398494473e-04
2.222147442202115908e-04
2.653154097691152926e-03
2.083257518010874464e-03
2.264046655859120946e-03
2.201519753795861106e-03
1.909593595714554953e-03
1.295354578183550813e-03
7.193045159388019184e-04
9.623775699697852820e-04
7.570800549519370254e-04
1.130127093659014439e-03
2.908217187203653888e-03
3.362732738589635419e-03
3.679199905699120920e-03
2.942032147424168600e-03
4.267146667268841183e-03
4.517269347680143328e-03
3.392382455540287559e-03
2.134241151133077236e-03
1.644309628121853406e-03
7.531965060455397040e-04
5.658944949943224946e-04
2.675867224105942313e-03
1.099184456702759606e-03
9.714457118747785603e-04
2.772455430581039198e-03
3.529840659153827241e-03
3.460381012146623338e-03
2.888558080626649292e-03
2.216698014229520359e-03
1.069538729883183275e-03
5.575790153139377221e-04
2.876485785075724722e-03
1.254970498467911913e-03
3.691990793904432241e-03
5.004743757252873987e-03
5.058353658461769292e-03
3.445222660815556309e-03
3.891525349578625875e-03
2.164106918964603474e-03
1.821200486213605000e-03
9.298743530105371647e-04
5.559036209136964963e-04
4.230916874421951877e-03
5.895366684538843986e-03
5.373951578707843006e-03
4.310740076722416152e-03
4.024290824607398669e-03
4.052653218839102900e-03
2.364122780012114979e-03
2.158068765405484618e-03
1.178800784295896270e-03
6.900980880972414078e-04
6.897437113609781924e-04
4.957717809050282871e-03
3.323330780846854397e-03
2.377038241502237199e-03
2.107452362085903037e-03
4.640277999080767712e-03
2.762098649605243452e-03
3.605925887093766775e-03
1.439095895856224534e-03
1.716664201808008362e-03
2.211973848828082854e-04
3.548717988713228754e-03
1.405047453103860401e-03
4.218908406877650875e-03
5.477047274867014211e-03
6.007312871688277878e-03
4.809575491565142719e-03
4.198285242841307344e-03
2.384399113811512452e-03
1.757311626718003998e-03
7.226770447820570972e-04
8.566155111136649518e-05
3.704321939173417424e-03
5.179320082733165215e-03
4.519999783096992005e-03
3.738570961792650384e-03
3.427652312504820848e-03
2.747321539350930288e-03
1.639055600626810379e-03
1.144588780791459684e-03
9.867084712512775701e-04
1.298148337560296717e-04
1.109012851560823741e-03
4.969513174226203832e-03
4.444618155556014256e-03
2.916260079188999054e-03
1.859520564670278124e-03
3.747478647088403093e-03
2.698974508956263237e-03
2.735433648741803989e-03
1.810778945405915096e-03
1.297387133180622452e-03
4.534672540766154737e-04
4.467983374326782268e-03
2.645504775334085908e-03
3.965408682650045126e-03
5.144349908153243028e-03
6.100371495863227481e-03
5.371400006409446891e-03
4.483436648893958897e-03
2.692974187441703107e-03
1.526494032513863548e-03
6.730241173855549836e-04
4.112303010085447547e-04
3.601519892091324497e-03
4.978824992384315966e-03
4.790832640399540765e-03
4.505730731634901426e-03
3.755792014815552415e-03
3.859237336799084452e-03
3.057446771968162693e-03
2.249411134025934220e-03
1.723306378589625765e-03
1.091500407060882853e-03
3.350118006014791224e-04
4.213604187957585394e-03
4.542881275440370514e-03
2.434709893917162259e-03
1.882446385877948377e-03
3.352133086015879945e-03
3.515477706116848077e-03
2.894160931596969060e-03
1.796870143200769709e-03
9.707429105541733180e-04
3.566852920658064672e-04
4.429250438205105042e-03
3.184325927715832977e-03
2.892378264778675684e-03
4.266136439315702106e-03
4.998885718388042416e-03
4.837655110277244534e-03
3.915813622026944468e-03
2.354898191992032316e-03
1.262378189001387438e-03
5.897016681872172374e-04
6.509316771145979988e-04
3.379462468078135891e-03
4.645590532875927200e-03
5.456383563171929643e-03
4.718717463568444792e-03
3.637229739259059853e-03
2.864412288780890034e-03
2.315407079630068827e-03
1.412827246369259809e-03
4.937934688959836390e-04
3.370812746679988830e-05
2.320860365600187930e-04
9.364197988427549330e-04
1.371618798539426219e-03
2.348672261254814222e-03
2.819722158610519450e-03
3.514957767330169867e-03
2.466712551751184049e-03
1.237036412225227212e-03
6.039186851092298190e-04
3.616675930501125772e-04
4.890540571193816499e-04
5.603863172628649166e-04
8.716599251078452522e-04
1.340098382108510485e-03
8.446847422948581272e-04
7.604126929456889172e-04
4.386009339173164556e-04
8.492824027112136917e-04
8.726339591889600757e-04
7.856230126707633606e-04
7.234527635423368581e-04
6.408967718484774503e-04
8.431511393178249547e-04
9.118263198297687014e-04
9.910608554161246409e-04
8.945019776616806905e-04
5.770011079076729776e-04
5.639374126212972965e-04
7.036331806551604853e-04
4.214938801857878595e-04
2.349391916302556716e-04
3.006758700969044420e-04
7.081975854755159783e-04
9.676934305956364510e-04
7.813042318053490306e-04
6.993818998671653790e-04
5.882302823397732219e-04
6.998132546413159301e-04
5.637350329806898978e-04
6.105549043776412662e-04
5.054567329076907478e-04
6.878937545721381394e-04
1.051896277025241152e-03
8.874365020891472958e-04
6.850633456388409773e-04
6.581304016825452333e-04
8.221347680355206794e-04
8.639149250319199010e-04
4.755203090477039870e-04
4.354974742803088415e-04
3.310519133497238269e-04
4.797089202362001979e-04
8.801119009507369110e-04
4.987900637685245726e-04
2.933132238364409886e-04
4.032318887139621109e-04
9.922007560951932577e-05
4.537294313940782751e-04
5.532443998211263383e-04
6.552579147496953886e-04
6.553463760348383687e-04
6.480660886214520671e-04
3.288790240364077586e-04
6.687360258317827464e-04
8.064710379086049768e-04
5.588896747321107005e-04
7.934375948415738110e-04
7.008181482137955907e-04
1.419007934154873968e-04
8.847504153442076061e-04
1.194988176925483722e-03
1.385787937008453336e-03
1.769300214849115621e-03
1.677886549468965731e-03
1.080397211928364265e-03
5.251998647892402831e-04
5.843499544890852753e-04
5.787159011356822870e-04
4.783360182535732904e-04
5.528447586072069266e-04
1.741248118098711294e-03
2.517811470664474416e-03
2.476605177485212070e-03
2.589420994344997663e-03
2.471176341731262487e-03
1.954524538950196556e-03
1.559294889068467199e-03
1.234296781263899889e-03
6.468361077879110008e-04
3.297498141913569707e-03
2.821140476634525010e-03
1.599885311591724537e-03
4.418513402416897329e-03
4.658603433692143705e-03
3.967498102847200232e-03
1.939955799190852537e-03
1.995315737115809038e-03
2.098251241380907212e-03
7.194690736079821557e-04
2.646007678178363860e-03
1.791414177835020218e-03
2.526428711989873142e-03
4.827738402896567492e-03
3.507907894296204577e-03
4.172176312398475674e-03
4.328812499800553833e-03
1.591972096997342758e-03
2.184739847383290051e-03
2.693783663244859149e-03
1.936682879477252209e-03
8.239233035522123758e-03
6.781274433592310823e-03
3.522163858411032824e-03
6.535892953469398664e-03
3.968467403220198378e-03
3.011225747595914180e-03
4.018175546393138765e-03
2.969626953222783642e-03
3.124765546473966173e-03
3.518553570191375671e-03
3.742388994960140890e-03
3.947939571278113492e-03
6.941609298714027966e-03
4.646186903346137542e-03
7.248258281361917750e-03
5.426202644094406911e-03
3.313189601405457357e-03
2.582815275135410139e-03
2.902890680978818458e-03
3.384396642393264903e-03
3.305831250532345264e-03
1.000000000000000021e-02
5.267310298849936859e-03
8.317320833422577053e-03
5.403644512653611384e-03
5.936508762726543445e-03
4.655686261864063445e-03
3.374690833184883134e-03
4.367589917006914693e-03
3.344477402087147645e-03
4.750753747521517696e-03
3.263544753676934831e-03
6.540449974771664690e-03
5.915889179008899414e-03
6.877820595445652621e-03
6.256722823358572445e-03
5.540063224730456919e-03
4.151036593769703853e-03
3.022394613703749573e-03
3.945395104206395227e-03
2.795148143041022073e-03
5.105552838600931065e-03
7.990210824624094030e-03
5.500551084802683330e-03
7.956338932929754582e-03
4.615797110814748479e-03
5.259780277100241548e-03
3.509070038006933522e-03
4.435237940572101835e-03
2.425562786343787424e-03
4.872229334671531430e-03
3.028705668959194488e-03
4.668427734928100314e-03
6.260251640622070679e-03
5.697420578611389619e-03
7.736954024352681210e-03
4.860133385963424403e-03
5.492641169374846977e-03
2.252312326922613350e-03
3.498164602360898361e-03
2.614417849812025827e-03
3.794539306608254395e-03
4.103789030339670060e-03
7.262725173852411023e-03
6.615744545992217375e-03
6.799539710058984977e-03
5.803138030742223223e-03
3.736216179053558541e-03
4.313482333801670759e-03
2.489267698103117717e-03
3.342660069750492177e-03
3.582169647767781753e-03
3.634374242266069730e-03
4.689994668607056286e-03
6.323035706528116681e-03
6.438683808234816480e-03
6.920059058636747473e-03
5.526151096984180215e-03
3.963304899138721769e-03
3.397115319521608855e-03
2.342846453139658600e-03
3.058058698701600266e-03
3.589116414940372261e-03
3.568019834643538276e-03
6.266273003239290935e-03
6.451993104017235414e-03
6.564637101861604991e-03
6.242686559508341462e-03
3.948767761086795745e-03
3.912841646625252710e-03
3.024531860372078277e-03
2.376756477583022008e-03
3.737752912207355227e-03
3.372075495625021478e-03
4.056677907327539342e-03
6.473096022819553770e-03
5.961726632887507683e-03
6.123867173439510869e-03
5.558203033863499086e-03
3.173313591240867985e-03
3.347736051746757081e-03
2.449210558776556551e-03
2.353117633503913012e-03
3.643738186684018603e-03
2.536507320971184004e-03
5.105899286167714206e-03
6.497755179535644188e-03
5.326725766614336284e-03
5.779295365520410212e-03
3.649034257786525418e-03
2.938961690121869724e-03
3.361611692181258517e-03
1.717663615790455218e-03
2.717906528572099252e-03
3.370999167648549514e-03
2.731851991480867010e-03
5.910619763723927618e-03
5.176414815692744094e-03
4.941341797970120672e-03
5.140078044236012604e-03
2.520476884725219094e-03
3.056716088386315314e-03
2.338737528170459646e-03
1.178645810936709360e-03
2.730233874795923946e-03
2.779735285808243150e-03
2.996758097357815794e-03
5.762819179540736199e-03
4.007913395496496764e-03
4.298531886710563014e-03
3.573797813429335259e-03
1.731681963484085589e-03
2.733003268931164572e-03
1.671473702123131263e-03
1.380026164060483857e-03
2.500390826998545937e-03
2.417641700644428213e-03
4.010448576748401432e-03
4.815253285353047856e-03
3.798294526631356815e-03
3.875993806340565385e-03
2.364811778116052577e-03
2.208063422626633035e-03
1.627621016142997198e-03
1.322211689170723964e-03
1.448862152167233004e-03
2.097754957258865776e-03
2.231146989954998008e-03
3.980051573134630975e-03
3.589179274792121416e-03
3.234608784795227863e-03
2.905604545300582466e-03
1.860838400483611193e-03
1.654630799291608194e-03
8.481537623987935471e-04
7.002347690420302438e-04
1.272185745950123398e-03
1.983437697556387873e-03
2.560716432385410236e-03
3.668052799757889025e-03
2.988427569882697553e-03
2.985913238895235387e-03
2.132087649594685726e-03
1.771222072651108034e-03
9.674861122668695608e-04
7.109947405576333944e-04
7.364951028164955400e-04
1.260338520614596091e-03
1.558853059937786306e-03
2.778418366773793141e-03
2.952540509740941756e-03
2.390832227104197280e-03
2.564193269906170532e-03
2.036869121199726650e-03
7.900960045512493571e-04
2.103034635588813125e-04
6.073046333498131584e-04
8.660317668173593553e-04
1.474628543123721741e-03
2.135793233726542440e-03
2.798110650558291619e-03
2.699110263030036778e-03
2.324585881439224667e-03
2.498405173667623668e-03
1.401862964018558803e-03
6.128924180824269407e-04
1.638305971130131771e-04
8.855688653897020529e-04
9.659744841901529017e-04
1.724328648393052372e-03
2.350613735364690243e-03
2.436790132836875056e-03
2.434014836793063196e-03
1.928700760362102914e-03
2.219297423204618334e-03
6.442899673072717548e-04
1.515564527385140407e-05
5.230260877914161754e-04
8.767712151090421629e-04
1.199136630194811651e-03
1.958936635020713628e-03
2.234377326305613237e-03
2.403775779774392982e-03
1.918703072343958200e-03
1.880067115799308967e-03
1.286305900999444932e-03
2.311702509716270771e-04
2.501890423321144843e-04
1.010496986344466223e-03
1.254882158875209562e-03
1.375874169996345580e-03
2.038184942431500637e-03
2.084378237189133364e-03
2.161507204959059285e-03
1.661988333285927813e-03
1.399991932726064089e-03
2.971234070760226244e-04
5.193102414348746291e-04
8.452614432502702927e-04
1.341687863074013777e-03
1.376819639190874104e-03
1.492278785705642135e-03
1.873065760340478876e-03
1.915673360862940123e-03
1.585280210381497272e-03
7.923774132256135912e-04
2.844740034080489631e-04
5.531918441419470672e-04
8.312710528399070006e-04
1.391824642395858135e-03
1.340429549890028663e-03
1.396353285535982362e-03
1.580676078192286673e-03
1.825510312728936954e-03
1.623860941051637847e-03
8.912948692436778453e-04
5.758507991166216542e-04
5.587613796567098912e-04
1.103662755860837074e-03
1.316651521965769931e-03
1.580894527089680719e-03
1.323048623416363517e-03
1.159026511413138250e-03
1.385165384623142197e-03
1.406430837903000202e-03
1.386732175727520755e-03
6.765165361969403086e-04
3.825298498685170828e-04
6.122186237310912839e-04
1.160224517255456196e-03
1.619796462296963250e-03
1.556750266263591228e-03
1.222568334181548802e-03
1.038085286007989650e-03
1.337060394460448621e-03
1.262335653323551354e-03
6.770481923786278661e-04
1.549227705423513791e-04
2.590604330810026223e-04
8.761589125718086297e-04
1.354960072903386124e-03
1.534666714589708004e-03
1.441778514105826817e-03
1.184301705795576514e-03
1.120843493948271230e-03
1.073463484309856303e-03
6.691274625932426209e-04
2.704331124955164194e-04
2.517926505563217350e-04
6.792569886498499646e-04
1.068370655273329431e-03
1.373226754896640384e-03
1.318288508964554021e-03
1.024975482588780587e-03
8.290668491864036432e-04
8.359048758951144117e-04
8.707132960835248410e-04
3.286300432165682934e-04
4.075914662500424617e-05
2.062736962106206300e-04
6.991143574465467827e-04
9.506898204950487525e-04
1.191366978119932181e-03
1.123447775959388181e-03
9.330923483288690616e-04
8.366874675666534930e-04
7.130358148389713546e-04
5.218747372080673489e-04
9.036225118435028329e-05
3.069300153127029460e-04
7.518177835139519625e-04
9.876911298657379146e-04
1.079452093349879968e-03
9.548826135773714162e-04
7.661401346396133757e-04
6.369630863356116673e-04
7.301606388782608302e-04
5.047120354576003316e-04
2.893939437918447376e-04
1.663269468889374094e-04
4.379053212607331744e-04
7.639547485866487889e-04
8.769976829229326337e-04
9.517316532710635860e-04
8.268306040941864271e-04
6.443407846293949586e-04
5.099200692514279125e-04
5.775399451100202619e-04
3.990316080524603740e-04
1.760943337525927945e-04
3.046267763836430918e-04
5.294027529448109897e-04
8.460756447905325509e-04
8.280704750878806891e-04
8.876717792515509062e-04
6.833744908304827505e-04
5.680390266439957125e-04
4.780362299060262796e-04
3.098348210203737455e-04
2.274258973189345005e-04
6.524446816759457690e-05
3.396262340799447626e-04
4.722107778786568131e-04
6.899699050642213970e-04
7.858457542092192431e-04
6.442004091183504630e-04
6.537389614133180512e-04
4.246111951370962374e-04
3.304454542060140118e-04
1.663146986570649343e-04
1.308964751645719704e-04
3.740745492772426777e-04
5.124364521999946916e-04
6.171183087632890751e-04
5.321399196460079419e-04
5.672504222353408126e-04
5.186539311555702888e-04
4.570954406442790676e-04
2.942923415551884636e-04
2.923072704515341114e-04
1.093509805943106410e-04
3.111638911091679164e-05
3.183606792116415278e-04
4.405207223098481814e-04
6.630100801031847289e-04
7.092951225655208611e-04
6.111689732153249930e-04
5.768437765629947419e-04
3.046801192660871221e-04
2.860884931334138127e-04
1.580641728387309269e-04
8.305335226607098761e-05
1.251128382023566216e-04
4.861191587804338139e-04
5.236868955707453706e-04
5.698756135113587553e-04
5.571477849391117797e-04
5.156379177749307024e-04
3.206430591382699777e-04
2.231541454408687787e-04
2.203992580747892154e-04
1.089271710777804506e-04
1.629973011574925373e-04
2.428594680251449256e-04
3.493251241522798132e-04
3.968790129853006529e-04
4.381011655544609674e-04
5.097359860890517602e-04
4.271496345036347861e-04
2.529473087088678789e-04
1.900041020191424478e-04
8.264862200778302014e-05
8.249551894676082338e-05
2.099852939985409964e-04
3.070920681862656819e-04
4.346511844836571745e-04
4.160642269442254627e-04
